84
65
83
75
1003 #Version
<VIS 
17
1 #Num Textures
concrete_gray
6 #Num Materials
#Material
1 #Material Type (Solid)
#Color
128
128
130
255
1.000000 #Specular
5.000000 #G Blend Sharpness
0.800000 #G Blend Level
0.500000 #G Blend Mode
#G Shadow Color
180
180
180
255
#G Highlight Color
255
255
255
255
0 #Texture index
0
0
#Material
1 #Material Type (Solid)
#Color
100
100
105
255
1.000000 #Specular
5.000000 #G Blend Sharpness
0.800000 #G Blend Level
0.500000 #G Blend Mode
#G Shadow Color
180
180
180
255
#G Highlight Color
255
255
255
255
0 #Texture index
0
0
#Material
1 #Material Type (Solid)
#Color
85
85
90
255
1.000000 #Specular
5.000000 #G Blend Sharpness
0.800000 #G Blend Level
0.500000 #G Blend Mode
#G Shadow Color
180
180
180
255
#G Highlight Color
255
255
255
255
0 #Texture index
0
0
#Material
1 #Material Type (Solid)
#Color
180
180
180
255
1.000000 #Specular
5.000000 #G Blend Sharpness
0.800000 #G Blend Level
0.500000 #G Blend Mode
#G Shadow Color
180
180
180
255
#G Highlight Color
255
255
255
255
0 #Texture index
0
0
#Material
1 #Material Type (Solid)
#Color
136
85
51
255
1.000000 #Specular
5.000000 #G Blend Sharpness
0.800000 #G Blend Level
0.500000 #G Blend Mode
#G Shadow Color
180
180
180
255
#G Highlight Color
255
255
255
255
0 #Texture index
0
0
#Material
1 #Material Type (Solid)
#Color
139
69
19
255
1.000000 #Specular
5.000000 #G Blend Sharpness
0.800000 #G Blend Level
0.500000 #G Blend Mode
#G Shadow Color
180
180
180
255
#G Highlight Color
255
255
255
255
0 #Texture index
0
0
208 #Num Vertices
36 #Num Indices
24 #Num Vertices
#Normals (Flags |= 0x1)
1 #Flags
2 #Num Colour Sets
2 #Num Uv Sets
#Mesh
144 #Num Indices
56 #Num Vertices
#Normals (Flags |= 0x1)
1 #Flags
2 #Num Colour Sets
2 #Num Uv Sets
#Mesh
144 #Num Indices
56 #Num Vertices
#Normals (Flags |= 0x1)
1 #Flags
2 #Num Colour Sets
2 #Num Uv Sets
#Mesh
144 #Num Indices
56 #Num Vertices
#Normals (Flags |= 0x1)
1 #Flags
2 #Num Colour Sets
2 #Num Uv Sets
#Mesh
18 #Num Indices
16 #Num Vertices
#Normals (Flags |= 0x1)
1 #Flags
2 #Num Colour Sets
2 #Num Uv Sets
#Mesh
0.000000
0.000000
-1.000000
-2500.000000
-75.000000
-2500.000000
0.000000
0.000000
0.000000
0.000000
255
255
255
255
255
255
255
255
0.000000
0.000000
-1.000000
2500.000000
-75.000000
-2500.000000
1.000000
0.000000
1.000000
0.000000
255
255
255
255
255
255
255
255
0.000000
0.000000
-1.000000
2500.000000
-25.000000
-2500.000000
1.000000
1.000000
1.000000
1.000000
255
255
255
255
255
255
255
255
0.000000
0.000000
-1.000000
-2500.000000
-25.000000
-2500.000000
0.000000
1.000000
0.000000
1.000000
255
255
255
255
255
255
255
255
0.000000
0.000000
1.000000
2500.000000
-75.000000
2500.000000
0.000000
0.000000
0.000000
0.000000
255
255
255
255
255
255
255
255
0.000000
0.000000
1.000000
-2500.000000
-75.000000
2500.000000
1.000000
0.000000
1.000000
0.000000
255
255
255
255
255
255
255
255
0.000000
0.000000
1.000000
-2500.000000
-25.000000
2500.000000
1.000000
1.000000
1.000000
1.000000
255
255
255
255
255
255
255
255
0.000000
0.000000
1.000000
2500.000000
-25.000000
2500.000000
0.000000
1.000000
0.000000
1.000000
255
255
255
255
255
255
255
255
-1.000000
0.000000
0.000000
-2500.000000
-75.000000
2500.000000
0.000000
0.000000
0.000000
0.000000
255
255
255
255
255
255
255
255
-1.000000
0.000000
0.000000
-2500.000000
-75.000000
-2500.000000
1.000000
0.000000
1.000000
0.000000
255
255
255
255
255
255
255
255
-1.000000
0.000000
0.000000
-2500.000000
-25.000000
-2500.000000
1.000000
1.000000
1.000000
1.000000
255
255
255
255
255
255
255
255
-1.000000
0.000000
0.000000
-2500.000000
-25.000000
2500.000000
0.000000
1.000000
0.000000
1.000000
255
255
255
255
255
255
255
255
1.000000
0.000000
0.000000
2500.000000
-75.000000
-2500.000000
0.000000
0.000000
0.000000
0.000000
255
255
255
255
255
255
255
255
1.000000
0.000000
0.000000
2500.000000
-75.000000
2500.000000
1.000000
0.000000
1.000000
0.000000
255
255
255
255
255
255
255
255
1.000000
0.000000
0.000000
2500.000000
-25.000000
2500.000000
1.000000
1.000000
1.000000
1.000000
255
255
255
255
255
255
255
255
1.000000
0.000000
0.000000
2500.000000
-25.000000
-2500.000000
0.000000
1.000000
0.000000
1.000000
255
255
255
255
255
255
255
255
0.000000
1.000000
0.000000
-2500.000000
-25.000000
-2500.000000
0.000000
0.000000
0.000000
0.000000
255
255
255
255
255
255
255
255
0.000000
1.000000
0.000000
2500.000000
-25.000000
-2500.000000
1.000000
0.000000
1.000000
0.000000
255
255
255
255
255
255
255
255
0.000000
1.000000
0.000000
2500.000000
-25.000000
2500.000000
1.000000
1.000000
1.000000
1.000000
255
255
255
255
255
255
255
255
0.000000
1.000000
0.000000
-2500.000000
-25.000000
2500.000000
0.000000
1.000000
0.000000
1.000000
255
255
255
255
255
255
255
255
0.000000
-1.000000
0.000000
-2500.000000
-75.000000
2500.000000
0.000000
0.000000
0.000000
0.000000
255
255
255
255
255
255
255
255
0.000000
-1.000000
0.000000
2500.000000
-75.000000
2500.000000
1.000000
0.000000
1.000000
0.000000
255
255
255
255
255
255
255
255
0.000000
-1.000000
0.000000
2500.000000
-75.000000
-2500.000000
1.000000
1.000000
1.000000
1.000000
255
255
255
255
255
255
255
255
0.000000
-1.000000
0.000000
-2500.000000
-75.000000
-2500.000000
0.000000
1.000000
0.000000
1.000000
255
255
255
255
255
255
255
255
-1.000000
0.000000
0.000000
-1050.000000
0.000000
200.000000
0.000000
0.000000
0.000000
0.000000
255
255
255
255
255
255
255
255
-1.000000
0.000000
0.000000
-1050.000000
0.000000
800.000000
0.000000
1.000000
0.000000
1.000000
255
255
255
255
255
255
255
255
-0.991445
0.130526
0.000000
-1047.433458
39.157858
200.000000
0.083333
0.000000
0.083333
0.000000
255
255
255
255
255
255
255
255
-0.991445
0.130526
0.000000
-1047.433458
39.157858
800.000000
0.083333
1.000000
0.083333
1.000000
255
255
255
255
255
255
255
255
-0.965926
0.258819
0.000000
-1039.777748
77.645714
200.000000
0.166667
0.000000
0.166667
0.000000
255
255
255
255
255
255
255
255
-0.965926
0.258819
0.000000
-1039.777748
77.645714
800.000000
0.166667
1.000000
0.166667
1.000000
255
255
255
255
255
255
255
255
-0.923880
0.382683
0.000000
-1027.163860
114.805030
200.000000
0.250000
0.000000
0.250000
0.000000
255
255
255
255
255
255
255
255
-0.923880
0.382683
0.000000
-1027.163860
114.805030
800.000000
0.250000
1.000000
0.250000
1.000000
255
255
255
255
255
255
255
255
-0.866025
0.500000
0.000000
-1009.807621
150.000000
200.000000
0.333333
0.000000
0.333333
0.000000
255
255
255
255
255
255
255
255
-0.866025
0.500000
0.000000
-1009.807621
150.000000
800.000000
0.333333
1.000000
0.333333
1.000000
255
255
255
255
255
255
255
255
-0.793353
0.608761
0.000000
-988.006002
182.628429
200.000000
0.416667
0.000000
0.416667
0.000000
255
255
255
255
255
255
255
255
-0.793353
0.608761
0.000000
-988.006002
182.628429
800.000000
0.416667
1.000000
0.416667
1.000000
255
255
255
255
255
255
255
255
-0.707107
0.707107
0.000000
-962.132034
212.132034
200.000000
0.500000
0.000000
0.500000
0.000000
255
255
255
255
255
255
255
255
-0.707107
0.707107
0.000000
-962.132034
212.132034
800.000000
0.500000
1.000000
0.500000
1.000000
255
255
255
255
255
255
255
255
-0.608761
0.793353
0.000000
-932.628429
238.006002
200.000000
0.583333
0.000000
0.583333
0.000000
255
255
255
255
255
255
255
255
-0.608761
0.793353
0.000000
-932.628429
238.006002
800.000000
0.583333
1.000000
0.583333
1.000000
255
255
255
255
255
255
255
255
-0.500000
0.866025
0.000000
-900.000000
259.807621
200.000000
0.666667
0.000000
0.666667
0.000000
255
255
255
255
255
255
255
255
-0.500000
0.866025
0.000000
-900.000000
259.807621
800.000000
0.666667
1.000000
0.666667
1.000000
255
255
255
255
255
255
255
255
-0.382683
0.923880
0.000000
-864.805030
277.163860
200.000000
0.750000
0.000000
0.750000
0.000000
255
255
255
255
255
255
255
255
-0.382683
0.923880
0.000000
-864.805030
277.163860
800.000000
0.750000
1.000000
0.750000
1.000000
255
255
255
255
255
255
255
255
-0.258819
0.965926
0.000000
-827.645714
289.777748
200.000000
0.833333
0.000000
0.833333
0.000000
255
255
255
255
255
255
255
255
-0.258819
0.965926
0.000000
-827.645714
289.777748
800.000000
0.833333
1.000000
0.833333
1.000000
255
255
255
255
255
255
255
255
-0.130526
0.991445
0.000000
-789.157858
297.433458
200.000000
0.916667
0.000000
0.916667
0.000000
255
255
255
255
255
255
255
255
-0.130526
0.991445
0.000000
-789.157858
297.433458
800.000000
0.916667
1.000000
0.916667
1.000000
255
255
255
255
255
255
255
255
-0.000000
1.000000
0.000000
-750.000000
300.000000
200.000000
1.000000
0.000000
1.000000
0.000000
255
255
255
255
255
255
255
255
-0.000000
1.000000
0.000000
-750.000000
300.000000
800.000000
1.000000
1.000000
1.000000
1.000000
255
255
255
255
255
255
255
255
0.000000
0.000000
-1.000000
-1050.000000
0.000000
200.000000
0.000000
0.000000
0.000000
0.000000
255
255
255
255
255
255
255
255
0.000000
0.000000
-1.000000
-1047.433458
39.157858
200.000000
0.008555
0.130526
0.008555
0.130526
255
255
255
255
255
255
255
255
0.000000
0.000000
-1.000000
-1039.777748
77.645714
200.000000
0.034074
0.258819
0.034074
0.258819
255
255
255
255
255
255
255
255
0.000000
0.000000
-1.000000
-1027.163860
114.805030
200.000000
0.076120
0.382683
0.076120
0.382683
255
255
255
255
255
255
255
255
0.000000
0.000000
-1.000000
-1009.807621
150.000000
200.000000
0.133975
0.500000
0.133975
0.500000
255
255
255
255
255
255
255
255
0.000000
0.000000
-1.000000
-988.006002
182.628429
200.000000
0.206647
0.608761
0.206647
0.608761
255
255
255
255
255
255
255
255
0.000000
0.000000
-1.000000
-962.132034
212.132034
200.000000
0.292893
0.707107
0.292893
0.707107
255
255
255
255
255
255
255
255
0.000000
0.000000
-1.000000
-932.628429
238.006002
200.000000
0.391239
0.793353
0.391239
0.793353
255
255
255
255
255
255
255
255
0.000000
0.000000
-1.000000
-900.000000
259.807621
200.000000
0.500000
0.866025
0.500000
0.866025
255
255
255
255
255
255
255
255
0.000000
0.000000
-1.000000
-864.805030
277.163860
200.000000
0.617317
0.923880
0.617317
0.923880
255
255
255
255
255
255
255
255
0.000000
0.000000
-1.000000
-827.645714
289.777748
200.000000
0.741181
0.965926
0.741181
0.965926
255
255
255
255
255
255
255
255
0.000000
0.000000
-1.000000
-789.157858
297.433458
200.000000
0.869474
0.991445
0.869474
0.991445
255
255
255
255
255
255
255
255
0.000000
0.000000
-1.000000
-750.000000
300.000000
200.000000
1.000000
1.000000
1.000000
1.000000
255
255
255
255
255
255
255
255
0.000000
0.000000
-1.000000
-1050.000000
0.000000
200.000000
0.000000
0.000000
0.000000
0.000000
255
255
255
255
255
255
255
255
0.000000
0.000000
-1.000000
-750.000000
300.000000
200.000000
1.000000
1.000000
1.000000
1.000000
255
255
255
255
255
255
255
255
0.000000
0.000000
1.000000
-1050.000000
0.000000
800.000000
0.000000
0.000000
0.000000
0.000000
255
255
255
255
255
255
255
255
0.000000
0.000000
1.000000
-1047.433458
39.157858
800.000000
0.008555
0.130526
0.008555
0.130526
255
255
255
255
255
255
255
255
0.000000
0.000000
1.000000
-1039.777748
77.645714
800.000000
0.034074
0.258819
0.034074
0.258819
255
255
255
255
255
255
255
255
0.000000
0.000000
1.000000
-1027.163860
114.805030
800.000000
0.076120
0.382683
0.076120
0.382683
255
255
255
255
255
255
255
255
0.000000
0.000000
1.000000
-1009.807621
150.000000
800.000000
0.133975
0.500000
0.133975
0.500000
255
255
255
255
255
255
255
255
0.000000
0.000000
1.000000
-988.006002
182.628429
800.000000
0.206647
0.608761
0.206647
0.608761
255
255
255
255
255
255
255
255
0.000000
0.000000
1.000000
-962.132034
212.132034
800.000000
0.292893
0.707107
0.292893
0.707107
255
255
255
255
255
255
255
255
0.000000
0.000000
1.000000
-932.628429
238.006002
800.000000
0.391239
0.793353
0.391239
0.793353
255
255
255
255
255
255
255
255
0.000000
0.000000
1.000000
-900.000000
259.807621
800.000000
0.500000
0.866025
0.500000
0.866025
255
255
255
255
255
255
255
255
0.000000
0.000000
1.000000
-864.805030
277.163860
800.000000
0.617317
0.923880
0.617317
0.923880
255
255
255
255
255
255
255
255
0.000000
0.000000
1.000000
-827.645714
289.777748
800.000000
0.741181
0.965926
0.741181
0.965926
255
255
255
255
255
255
255
255
0.000000
0.000000
1.000000
-789.157858
297.433458
800.000000
0.869474
0.991445
0.869474
0.991445
255
255
255
255
255
255
255
255
0.000000
0.000000
1.000000
-750.000000
300.000000
800.000000
1.000000
1.000000
1.000000
1.000000
255
255
255
255
255
255
255
255
0.000000
0.000000
1.000000
-1050.000000
0.000000
800.000000
0.000000
0.000000
0.000000
0.000000
255
255
255
255
255
255
255
255
0.000000
0.000000
1.000000
-750.000000
300.000000
800.000000
1.000000
1.000000
1.000000
1.000000
255
255
255
255
255
255
255
255
-1.000000
0.000000
0.000000
-200.000000
0.000000
-600.000000
0.000000
0.000000
0.000000
0.000000
255
255
255
255
255
255
255
255
-1.000000
0.000000
0.000000
-200.000000
0.000000
0.000000
0.000000
1.000000
0.000000
1.000000
255
255
255
255
255
255
255
255
-0.991445
0.130526
0.000000
-197.433458
39.157858
-600.000000
0.083333
0.000000
0.083333
0.000000
255
255
255
255
255
255
255
255
-0.991445
0.130526
0.000000
-197.433458
39.157858
0.000000
0.083333
1.000000
0.083333
1.000000
255
255
255
255
255
255
255
255
-0.965926
0.258819
0.000000
-189.777748
77.645714
-600.000000
0.166667
0.000000
0.166667
0.000000
255
255
255
255
255
255
255
255
-0.965926
0.258819
0.000000
-189.777748
77.645714
0.000000
0.166667
1.000000
0.166667
1.000000
255
255
255
255
255
255
255
255
-0.923880
0.382683
0.000000
-177.163860
114.805030
-600.000000
0.250000
0.000000
0.250000
0.000000
255
255
255
255
255
255
255
255
-0.923880
0.382683
0.000000
-177.163860
114.805030
0.000000
0.250000
1.000000
0.250000
1.000000
255
255
255
255
255
255
255
255
-0.866025
0.500000
0.000000
-159.807621
150.000000
-600.000000
0.333333
0.000000
0.333333
0.000000
255
255
255
255
255
255
255
255
-0.866025
0.500000
0.000000
-159.807621
150.000000
0.000000
0.333333
1.000000
0.333333
1.000000
255
255
255
255
255
255
255
255
-0.793353
0.608761
0.000000
-138.006002
182.628429
-600.000000
0.416667
0.000000
0.416667
0.000000
255
255
255
255
255
255
255
255
-0.793353
0.608761
0.000000
-138.006002
182.628429
0.000000
0.416667
1.000000
0.416667
1.000000
255
255
255
255
255
255
255
255
-0.707107
0.707107
0.000000
-112.132034
212.132034
-600.000000
0.500000
0.000000
0.500000
0.000000
255
255
255
255
255
255
255
255
-0.707107
0.707107
0.000000
-112.132034
212.132034
0.000000
0.500000
1.000000
0.500000
1.000000
255
255
255
255
255
255
255
255
-0.608761
0.793353
0.000000
-82.628429
238.006002
-600.000000
0.583333
0.000000
0.583333
0.000000
255
255
255
255
255
255
255
255
-0.608761
0.793353
0.000000
-82.628429
238.006002
0.000000
0.583333
1.000000
0.583333
1.000000
255
255
255
255
255
255
255
255
-0.500000
0.866025
0.000000
-50.000000
259.807621
-600.000000
0.666667
0.000000
0.666667
0.000000
255
255
255
255
255
255
255
255
-0.500000
0.866025
0.000000
-50.000000
259.807621
0.000000
0.666667
1.000000
0.666667
1.000000
255
255
255
255
255
255
255
255
-0.382683
0.923880
0.000000
-14.805030
277.163860
-600.000000
0.750000
0.000000
0.750000
0.000000
255
255
255
255
255
255
255
255
-0.382683
0.923880
0.000000
-14.805030
277.163860
0.000000
0.750000
1.000000
0.750000
1.000000
255
255
255
255
255
255
255
255
-0.258819
0.965926
0.000000
22.354286
289.777748
-600.000000
0.833333
0.000000
0.833333
0.000000
255
255
255
255
255
255
255
255
-0.258819
0.965926
0.000000
22.354286
289.777748
0.000000
0.833333
1.000000
0.833333
1.000000
255
255
255
255
255
255
255
255
-0.130526
0.991445
0.000000
60.842142
297.433458
-600.000000
0.916667
0.000000
0.916667
0.000000
255
255
255
255
255
255
255
255
-0.130526
0.991445
0.000000
60.842142
297.433458
0.000000
0.916667
1.000000
0.916667
1.000000
255
255
255
255
255
255
255
255
-0.000000
1.000000
0.000000
100.000000
300.000000
-600.000000
1.000000
0.000000
1.000000
0.000000
255
255
255
255
255
255
255
255
-0.000000
1.000000
0.000000
100.000000
300.000000
0.000000
1.000000
1.000000
1.000000
1.000000
255
255
255
255
255
255
255
255
0.000000
0.000000
-1.000000
-200.000000
0.000000
-600.000000
0.000000
0.000000
0.000000
0.000000
255
255
255
255
255
255
255
255
0.000000
0.000000
-1.000000
-197.433458
39.157858
-600.000000
0.008555
0.130526
0.008555
0.130526
255
255
255
255
255
255
255
255
0.000000
0.000000
-1.000000
-189.777748
77.645714
-600.000000
0.034074
0.258819
0.034074
0.258819
255
255
255
255
255
255
255
255
0.000000
0.000000
-1.000000
-177.163860
114.805030
-600.000000
0.076120
0.382683
0.076120
0.382683
255
255
255
255
255
255
255
255
0.000000
0.000000
-1.000000
-159.807621
150.000000
-600.000000
0.133975
0.500000
0.133975
0.500000
255
255
255
255
255
255
255
255
0.000000
0.000000
-1.000000
-138.006002
182.628429
-600.000000
0.206647
0.608761
0.206647
0.608761
255
255
255
255
255
255
255
255
0.000000
0.000000
-1.000000
-112.132034
212.132034
-600.000000
0.292893
0.707107
0.292893
0.707107
255
255
255
255
255
255
255
255
0.000000
0.000000
-1.000000
-82.628429
238.006002
-600.000000
0.391239
0.793353
0.391239
0.793353
255
255
255
255
255
255
255
255
0.000000
0.000000
-1.000000
-50.000000
259.807621
-600.000000
0.500000
0.866025
0.500000
0.866025
255
255
255
255
255
255
255
255
0.000000
0.000000
-1.000000
-14.805030
277.163860
-600.000000
0.617317
0.923880
0.617317
0.923880
255
255
255
255
255
255
255
255
0.000000
0.000000
-1.000000
22.354286
289.777748
-600.000000
0.741181
0.965926
0.741181
0.965926
255
255
255
255
255
255
255
255
0.000000
0.000000
-1.000000
60.842142
297.433458
-600.000000
0.869474
0.991445
0.869474
0.991445
255
255
255
255
255
255
255
255
0.000000
0.000000
-1.000000
100.000000
300.000000
-600.000000
1.000000
1.000000
1.000000
1.000000
255
255
255
255
255
255
255
255
0.000000
0.000000
-1.000000
-200.000000
0.000000
-600.000000
0.000000
0.000000
0.000000
0.000000
255
255
255
255
255
255
255
255
0.000000
0.000000
-1.000000
100.000000
300.000000
-600.000000
1.000000
1.000000
1.000000
1.000000
255
255
255
255
255
255
255
255
0.000000
0.000000
1.000000
-200.000000
0.000000
0.000000
0.000000
0.000000
0.000000
0.000000
255
255
255
255
255
255
255
255
0.000000
0.000000
1.000000
-197.433458
39.157858
0.000000
0.008555
0.130526
0.008555
0.130526
255
255
255
255
255
255
255
255
0.000000
0.000000
1.000000
-189.777748
77.645714
0.000000
0.034074
0.258819
0.034074
0.258819
255
255
255
255
255
255
255
255
0.000000
0.000000
1.000000
-177.163860
114.805030
0.000000
0.076120
0.382683
0.076120
0.382683
255
255
255
255
255
255
255
255
0.000000
0.000000
1.000000
-159.807621
150.000000
0.000000
0.133975
0.500000
0.133975
0.500000
255
255
255
255
255
255
255
255
0.000000
0.000000
1.000000
-138.006002
182.628429
0.000000
0.206647
0.608761
0.206647
0.608761
255
255
255
255
255
255
255
255
0.000000
0.000000
1.000000
-112.132034
212.132034
0.000000
0.292893
0.707107
0.292893
0.707107
255
255
255
255
255
255
255
255
0.000000
0.000000
1.000000
-82.628429
238.006002
0.000000
0.391239
0.793353
0.391239
0.793353
255
255
255
255
255
255
255
255
0.000000
0.000000
1.000000
-50.000000
259.807621
0.000000
0.500000
0.866025
0.500000
0.866025
255
255
255
255
255
255
255
255
0.000000
0.000000
1.000000
-14.805030
277.163860
0.000000
0.617317
0.923880
0.617317
0.923880
255
255
255
255
255
255
255
255
0.000000
0.000000
1.000000
22.354286
289.777748
0.000000
0.741181
0.965926
0.741181
0.965926
255
255
255
255
255
255
255
255
0.000000
0.000000
1.000000
60.842142
297.433458
0.000000
0.869474
0.991445
0.869474
0.991445
255
255
255
255
255
255
255
255
0.000000
0.000000
1.000000
100.000000
300.000000
0.000000
1.000000
1.000000
1.000000
1.000000
255
255
255
255
255
255
255
255
0.000000
0.000000
1.000000
-200.000000
0.000000
0.000000
0.000000
0.000000
0.000000
0.000000
255
255
255
255
255
255
255
255
0.000000
0.000000
1.000000
100.000000
300.000000
0.000000
1.000000
1.000000
1.000000
1.000000
255
255
255
255
255
255
255
255
-1.000000
0.000000
0.000000
-150.000000
0.000000
-1150.000000
0.000000
0.000000
0.000000
0.000000
255
255
255
255
255
255
255
255
-1.000000
0.000000
0.000000
-150.000000
0.000000
-550.000000
0.000000
1.000000
0.000000
1.000000
255
255
255
255
255
255
255
255
-0.991445
0.130526
0.000000
-147.433458
39.157858
-1150.000000
0.083333
0.000000
0.083333
0.000000
255
255
255
255
255
255
255
255
-0.991445
0.130526
0.000000
-147.433458
39.157858
-550.000000
0.083333
1.000000
0.083333
1.000000
255
255
255
255
255
255
255
255
-0.965926
0.258819
0.000000
-139.777748
77.645714
-1150.000000
0.166667
0.000000
0.166667
0.000000
255
255
255
255
255
255
255
255
-0.965926
0.258819
0.000000
-139.777748
77.645714
-550.000000
0.166667
1.000000
0.166667
1.000000
255
255
255
255
255
255
255
255
-0.923880
0.382683
0.000000
-127.163860
114.805030
-1150.000000
0.250000
0.000000
0.250000
0.000000
255
255
255
255
255
255
255
255
-0.923880
0.382683
0.000000
-127.163860
114.805030
-550.000000
0.250000
1.000000
0.250000
1.000000
255
255
255
255
255
255
255
255
-0.866025
0.500000
0.000000
-109.807621
150.000000
-1150.000000
0.333333
0.000000
0.333333
0.000000
255
255
255
255
255
255
255
255
-0.866025
0.500000
0.000000
-109.807621
150.000000
-550.000000
0.333333
1.000000
0.333333
1.000000
255
255
255
255
255
255
255
255
-0.793353
0.608761
0.000000
-88.006002
182.628429
-1150.000000
0.416667
0.000000
0.416667
0.000000
255
255
255
255
255
255
255
255
-0.793353
0.608761
0.000000
-88.006002
182.628429
-550.000000
0.416667
1.000000
0.416667
1.000000
255
255
255
255
255
255
255
255
-0.707107
0.707107
0.000000
-62.132034
212.132034
-1150.000000
0.500000
0.000000
0.500000
0.000000
255
255
255
255
255
255
255
255
-0.707107
0.707107
0.000000
-62.132034
212.132034
-550.000000
0.500000
1.000000
0.500000
1.000000
255
255
255
255
255
255
255
255
-0.608761
0.793353
0.000000
-32.628429
238.006002
-1150.000000
0.583333
0.000000
0.583333
0.000000
255
255
255
255
255
255
255
255
-0.608761
0.793353
0.000000
-32.628429
238.006002
-550.000000
0.583333
1.000000
0.583333
1.000000
255
255
255
255
255
255
255
255
-0.500000
0.866025
0.000000
-0.000000
259.807621
-1150.000000
0.666667
0.000000
0.666667
0.000000
255
255
255
255
255
255
255
255
-0.500000
0.866025
0.000000
-0.000000
259.807621
-550.000000
0.666667
1.000000
0.666667
1.000000
255
255
255
255
255
255
255
255
-0.382683
0.923880
0.000000
35.194970
277.163860
-1150.000000
0.750000
0.000000
0.750000
0.000000
255
255
255
255
255
255
255
255
-0.382683
0.923880
0.000000
35.194970
277.163860
-550.000000
0.750000
1.000000
0.750000
1.000000
255
255
255
255
255
255
255
255
-0.258819
0.965926
0.000000
72.354286
289.777748
-1150.000000
0.833333
0.000000
0.833333
0.000000
255
255
255
255
255
255
255
255
-0.258819
0.965926
0.000000
72.354286
289.777748
-550.000000
0.833333
1.000000
0.833333
1.000000
255
255
255
255
255
255
255
255
-0.130526
0.991445
0.000000
110.842142
297.433458
-1150.000000
0.916667
0.000000
0.916667
0.000000
255
255
255
255
255
255
255
255
-0.130526
0.991445
0.000000
110.842142
297.433458
-550.000000
0.916667
1.000000
0.916667
1.000000
255
255
255
255
255
255
255
255
-0.000000
1.000000
0.000000
150.000000
300.000000
-1150.000000
1.000000
0.000000
1.000000
0.000000
255
255
255
255
255
255
255
255
-0.000000
1.000000
0.000000
150.000000
300.000000
-550.000000
1.000000
1.000000
1.000000
1.000000
255
255
255
255
255
255
255
255
0.000000
0.000000
-1.000000
-150.000000
0.000000
-1150.000000
0.000000
0.000000
0.000000
0.000000
255
255
255
255
255
255
255
255
0.000000
0.000000
-1.000000
-147.433458
39.157858
-1150.000000
0.008555
0.130526
0.008555
0.130526
255
255
255
255
255
255
255
255
0.000000
0.000000
-1.000000
-139.777748
77.645714
-1150.000000
0.034074
0.258819
0.034074
0.258819
255
255
255
255
255
255
255
255
0.000000
0.000000
-1.000000
-127.163860
114.805030
-1150.000000
0.076120
0.382683
0.076120
0.382683
255
255
255
255
255
255
255
255
0.000000
0.000000
-1.000000
-109.807621
150.000000
-1150.000000
0.133975
0.500000
0.133975
0.500000
255
255
255
255
255
255
255
255
0.000000
0.000000
-1.000000
-88.006002
182.628429
-1150.000000
0.206647
0.608761
0.206647
0.608761
255
255
255
255
255
255
255
255
0.000000
0.000000
-1.000000
-62.132034
212.132034
-1150.000000
0.292893
0.707107
0.292893
0.707107
255
255
255
255
255
255
255
255
0.000000
0.000000
-1.000000
-32.628429
238.006002
-1150.000000
0.391239
0.793353
0.391239
0.793353
255
255
255
255
255
255
255
255
0.000000
0.000000
-1.000000
-0.000000
259.807621
-1150.000000
0.500000
0.866025
0.500000
0.866025
255
255
255
255
255
255
255
255
0.000000
0.000000
-1.000000
35.194970
277.163860
-1150.000000
0.617317
0.923880
0.617317
0.923880
255
255
255
255
255
255
255
255
0.000000
0.000000
-1.000000
72.354286
289.777748
-1150.000000
0.741181
0.965926
0.741181
0.965926
255
255
255
255
255
255
255
255
0.000000
0.000000
-1.000000
110.842142
297.433458
-1150.000000
0.869474
0.991445
0.869474
0.991445
255
255
255
255
255
255
255
255
0.000000
0.000000
-1.000000
150.000000
300.000000
-1150.000000
1.000000
1.000000
1.000000
1.000000
255
255
255
255
255
255
255
255
0.000000
0.000000
-1.000000
-150.000000
0.000000
-1150.000000
0.000000
0.000000
0.000000
0.000000
255
255
255
255
255
255
255
255
0.000000
0.000000
-1.000000
150.000000
300.000000
-1150.000000
1.000000
1.000000
1.000000
1.000000
255
255
255
255
255
255
255
255
0.000000
0.000000
1.000000
-150.000000
0.000000
-550.000000
0.000000
0.000000
0.000000
0.000000
255
255
255
255
255
255
255
255
0.000000
0.000000
1.000000
-147.433458
39.157858
-550.000000
0.008555
0.130526
0.008555
0.130526
255
255
255
255
255
255
255
255
0.000000
0.000000
1.000000
-139.777748
77.645714
-550.000000
0.034074
0.258819
0.034074
0.258819
255
255
255
255
255
255
255
255
0.000000
0.000000
1.000000
-127.163860
114.805030
-550.000000
0.076120
0.382683
0.076120
0.382683
255
255
255
255
255
255
255
255
0.000000
0.000000
1.000000
-109.807621
150.000000
-550.000000
0.133975
0.500000
0.133975
0.500000
255
255
255
255
255
255
255
255
0.000000
0.000000
1.000000
-88.006002
182.628429
-550.000000
0.206647
0.608761
0.206647
0.608761
255
255
255
255
255
255
255
255
0.000000
0.000000
1.000000
-62.132034
212.132034
-550.000000
0.292893
0.707107
0.292893
0.707107
255
255
255
255
255
255
255
255
0.000000
0.000000
1.000000
-32.628429
238.006002
-550.000000
0.391239
0.793353
0.391239
0.793353
255
255
255
255
255
255
255
255
0.000000
0.000000
1.000000
-0.000000
259.807621
-550.000000
0.500000
0.866025
0.500000
0.866025
255
255
255
255
255
255
255
255
0.000000
0.000000
1.000000
35.194970
277.163860
-550.000000
0.617317
0.923880
0.617317
0.923880
255
255
255
255
255
255
255
255
0.000000
0.000000
1.000000
72.354286
289.777748
-550.000000
0.741181
0.965926
0.741181
0.965926
255
255
255
255
255
255
255
255
0.000000
0.000000
1.000000
110.842142
297.433458
-550.000000
0.869474
0.991445
0.869474
0.991445
255
255
255
255
255
255
255
255
0.000000
0.000000
1.000000
150.000000
300.000000
-550.000000
1.000000
1.000000
1.000000
1.000000
255
255
255
255
255
255
255
255
0.000000
0.000000
1.000000
-150.000000
0.000000
-550.000000
0.000000
0.000000
0.000000
0.000000
255
255
255
255
255
255
255
255
0.000000
0.000000
1.000000
150.000000
300.000000
-550.000000
1.000000
1.000000
1.000000
1.000000
255
255
255
255
255
255
255
255
0.000000
-0.832050
0.554700
-1150.000000
0.000000
-600.000000
0.000000
0.000000
0.000000
0.000000
255
255
255
255
255
255
255
255
0.000000
-0.832050
0.554700
-550.000000
0.000000
-600.000000
1.000000
0.000000
1.000000
0.000000
255
255
255
255
255
255
255
255
0.000000
-0.832050
0.554700
-850.000000
200.000000
-300.000000
0.500000
1.000000
0.500000
1.000000
255
255
255
255
255
255
255
255
-0.554700
-0.832050
0.000000
-550.000000
0.000000
-600.000000
0.000000
0.000000
0.000000
0.000000
255
255
255
255
255
255
255
255
-0.554700
-0.832050
0.000000
-550.000000
0.000000
0.000000
1.000000
0.000000
1.000000
0.000000
255
255
255
255
255
255
255
255
-0.554700
-0.832050
0.000000
-850.000000
200.000000
-300.000000
0.500000
1.000000
0.500000
1.000000
255
255
255
255
255
255
255
255
0.000000
-0.832050
-0.554700
-550.000000
0.000000
0.000000
0.000000
0.000000
0.000000
0.000000
255
255
255
255
255
255
255
255
0.000000
-0.832050
-0.554700
-1150.000000
0.000000
0.000000
1.000000
0.000000
1.000000
0.000000
255
255
255
255
255
255
255
255
0.000000
-0.832050
-0.554700
-850.000000
200.000000
-300.000000
0.500000
1.000000
0.500000
1.000000
255
255
255
255
255
255
255
255
0.554700
-0.832050
0.000000
-1150.000000
0.000000
0.000000
0.000000
0.000000
0.000000
0.000000
255
255
255
255
255
255
255
255
0.554700
-0.832050
0.000000
-1150.000000
0.000000
-600.000000
1.000000
0.000000
1.000000
0.000000
255
255
255
255
255
255
255
255
0.554700
-0.832050
0.000000
-850.000000
200.000000
-300.000000
0.500000
1.000000
0.500000
1.000000
255
255
255
255
255
255
255
255
0.000000
-1.000000
0.000000
-1150.000000
0.000000
-600.000000
0.000000
0.000000
0.000000
0.000000
255
255
255
255
255
255
255
255
0.000000
-1.000000
0.000000
-550.000000
0.000000
-600.000000
1.000000
0.000000
1.000000
0.000000
255
255
255
255
255
255
255
255
0.000000
-1.000000
0.000000
-550.000000
0.000000
0.000000
1.000000
1.000000
1.000000
1.000000
255
255
255
255
255
255
255
255
0.000000
-1.000000
0.000000
-1150.000000
0.000000
0.000000
0.000000
1.000000
0.000000
1.000000
255
255
255
255
255
255
255
255
0
1
2
0
2
3
4
5
6
4
6
7
8
9
10
8
10
11
12
13
14
12
14
15
16
17
18
16
18
19
20
21
22
20
22
23
0
2
3
0
3
1
2
4
5
2
5
3
4
6
7
4
7
5
6
8
9
6
9
7
8
10
11
8
11
9
10
12
13
10
13
11
12
14
15
12
15
13
14
16
17
14
17
15
16
18
19
16
19
17
18
20
21
18
21
19
20
22
23
20
23
21
22
24
25
22
25
23
39
26
27
39
27
28
39
28
29
39
29
30
39
30
31
39
31
32
39
32
33
39
33
34
39
34
35
39
35
36
39
36
37
39
37
38
54
42
41
54
43
42
54
44
43
54
45
44
54
46
45
54
47
46
54
48
47
54
49
48
54
50
49
54
51
50
54
52
51
54
53
52
0
2
3
0
3
1
2
4
5
2
5
3
4
6
7
4
7
5
6
8
9
6
9
7
8
10
11
8
11
9
10
12
13
10
13
11
12
14
15
12
15
13
14
16
17
14
17
15
16
18
19
16
19
17
18
20
21
18
21
19
20
22
23
20
23
21
22
24
25
22
25
23
39
26
27
39
27
28
39
28
29
39
29
30
39
30
31
39
31
32
39
32
33
39
33
34
39
34
35
39
35
36
39
36
37
39
37
38
54
42
41
54
43
42
54
44
43
54
45
44
54
46
45
54
47
46
54
48
47
54
49
48
54
50
49
54
51
50
54
52
51
54
53
52
0
2
3
0
3
1
2
4
5
2
5
3
4
6
7
4
7
5
6
8
9
6
9
7
8
10
11
8
11
9
10
12
13
10
13
11
12
14
15
12
15
13
14
16
17
14
17
15
16
18
19
16
19
17
18
20
21
18
21
19
20
22
23
20
23
21
22
24
25
22
25
23
39
26
27
39
27
28
39
28
29
39
29
30
39
30
31
39
31
32
39
32
33
39
33
34
39
34
35
39
35
36
39
36
37
39
37
38
54
42
41
54
43
42
54
44
43
54
45
44
54
46
45
54
47
46
54
48
47
54
49
48
54
50
49
54
51
50
54
52
51
54
53
52
0
1
2
3
4
5
6
7
8
9
10
11
12
14
13
12
15
14