84
65
83
75
1003 #Version
<VIS 
17
1 #Num Textures
concrete_gray
6 #Num Materials
#Material
1 #Material Type (Solid)
#Color
128
128
130
255
1.000000 #Specular
5.000000 #G Blend Sharpness
0.800000 #G Blend Level
0.500000 #G Blend Mode
#G Shadow Color
180
180
180
255
#G Highlight Color
255
255
255
255
0 #Texture index
0
0
#Material
1 #Material Type (Solid)
#Color
100
100
105
255
1.000000 #Specular
5.000000 #G Blend Sharpness
0.800000 #G Blend Level
0.500000 #G Blend Mode
#G Shadow Color
180
180
180
255
#G Highlight Color
255
255
255
255
0 #Texture index
0
0
#Material
1 #Material Type (Solid)
#Color
85
85
90
255
1.000000 #Specular
5.000000 #G Blend Sharpness
0.800000 #G Blend Level
0.500000 #G Blend Mode
#G Shadow Color
180
180
180
255
#G Highlight Color
255
255
255
255
0 #Texture index
0
0
#Material
1 #Material Type (Solid)
#Color
180
180
180
255
1.000000 #Specular
5.000000 #G Blend Sharpness
0.800000 #G Blend Level
0.500000 #G Blend Mode
#G Shadow Color
180
180
180
255
#G Highlight Color
255
255
255
255
0 #Texture index
0
0
#Material
1 #Material Type (Solid)
#Color
136
85
51
255
1.000000 #Specular
5.000000 #G Blend Sharpness
0.800000 #G Blend Level
0.500000 #G Blend Mode
#G Shadow Color
180
180
180
255
#G Highlight Color
255
255
255
255
0 #Texture index
0
0
#Material
1 #Material Type (Solid)
#Color
139
69
19
255
1.000000 #Specular
5.000000 #G Blend Sharpness
0.800000 #G Blend Level
0.500000 #G Blend Mode
#G Shadow Color
180
180
180
255
#G Highlight Color
255
255
255
255
0 #Texture index
0
0
72 #Num Vertices
3
#Mesh
36 #Num Indices
24 #Num Vertices
#Normals (Flags |= 0x1)
1 #Flags
2 #Num Colour Sets
2 #Num Uv Sets
#Mesh
36 #Num Indices
24 #Num Vertices
#Normals (Flags |= 0x1)
1 #Flags
2 #Num Colour Sets
2 #Num Uv Sets
#Mesh
36 #Num Indices
24 #Num Vertices
#Normals (Flags |= 0x1)
1 #Flags
2 #Num Colour Sets
2 #Num Uv Sets
0.000000
0.000000
-1.000000
-2500.000000
-75.000000
-2500.000000
0.000000
0.000000
0.000000
0.000000
255
255
255
255
255
255
255
255
0.000000
0.000000
-1.000000
2500.000000
-75.000000
-2500.000000
1.000000
0.000000
1.000000
0.000000
255
255
255
255
255
255
255
255
0.000000
0.000000
-1.000000
2500.000000
-25.000000
-2500.000000
1.000000
1.000000
1.000000
1.000000
255
255
255
255
255
255
255
255
0.000000
0.000000
-1.000000
-2500.000000
-25.000000
-2500.000000
0.000000
1.000000
0.000000
1.000000
255
255
255
255
255
255
255
255
0.000000
0.000000
1.000000
2500.000000
-75.000000
2500.000000
0.000000
0.000000
0.000000
0.000000
255
255
255
255
255
255
255
255
0.000000
0.000000
1.000000
-2500.000000
-75.000000
2500.000000
1.000000
0.000000
1.000000
0.000000
255
255
255
255
255
255
255
255
0.000000
0.000000
1.000000
-2500.000000
-25.000000
2500.000000
1.000000
1.000000
1.000000
1.000000
255
255
255
255
255
255
255
255
0.000000
0.000000
1.000000
2500.000000
-25.000000
2500.000000
0.000000
1.000000
0.000000
1.000000
255
255
255
255
255
255
255
255
-1.000000
0.000000
0.000000
-2500.000000
-75.000000
2500.000000
0.000000
0.000000
0.000000
0.000000
255
255
255
255
255
255
255
255
-1.000000
0.000000
0.000000
-2500.000000
-75.000000
-2500.000000
1.000000
0.000000
1.000000
0.000000
255
255
255
255
255
255
255
255
-1.000000
0.000000
0.000000
-2500.000000
-25.000000
-2500.000000
1.000000
1.000000
1.000000
1.000000
255
255
255
255
255
255
255
255
-1.000000
0.000000
0.000000
-2500.000000
-25.000000
2500.000000
0.000000
1.000000
0.000000
1.000000
255
255
255
255
255
255
255
255
1.000000
0.000000
0.000000
2500.000000
-75.000000
-2500.000000
0.000000
0.000000
0.000000
0.000000
255
255
255
255
255
255
255
255
1.000000
0.000000
0.000000
2500.000000
-75.000000
2500.000000
1.000000
0.000000
1.000000
0.000000
255
255
255
255
255
255
255
255
1.000000
0.000000
0.000000
2500.000000
-25.000000
2500.000000
1.000000
1.000000
1.000000
1.000000
255
255
255
255
255
255
255
255
1.000000
0.000000
0.000000
2500.000000
-25.000000
-2500.000000
0.000000
1.000000
0.000000
1.000000
255
255
255
255
255
255
255
255
0.000000
1.000000
0.000000
-2500.000000
-25.000000
-2500.000000
0.000000
0.000000
0.000000
0.000000
255
255
255
255
255
255
255
255
0.000000
1.000000
0.000000
2500.000000
-25.000000
-2500.000000
1.000000
0.000000
1.000000
0.000000
255
255
255
255
255
255
255
255
0.000000
1.000000
0.000000
2500.000000
-25.000000
2500.000000
1.000000
1.000000
1.000000
1.000000
255
255
255
255
255
255
255
255
0.000000
1.000000
0.000000
-2500.000000
-25.000000
2500.000000
0.000000
1.000000
0.000000
1.000000
255
255
255
255
255
255
255
255
0.000000
-1.000000
0.000000
-2500.000000
-75.000000
2500.000000
0.000000
0.000000
0.000000
0.000000
255
255
255
255
255
255
255
255
0.000000
-1.000000
0.000000
2500.000000
-75.000000
2500.000000
1.000000
0.000000
1.000000
0.000000
255
255
255
255
255
255
255
255
0.000000
-1.000000
0.000000
2500.000000
-75.000000
-2500.000000
1.000000
1.000000
1.000000
1.000000
255
255
255
255
255
255
255
255
0.000000
-1.000000
0.000000
-2500.000000
-75.000000
-2500.000000
0.000000
1.000000
0.000000
1.000000
255
255
255
255
255
255
255
255
0.000000
0.000000
-1.000000
-400.000000
0.000000
-240.000000
0.000000
0.000000
0.000000
0.000000
255
255
255
255
255
255
255
255
0.000000
0.000000
-1.000000
100.000000
0.000000
-240.000000
1.000000
0.000000
1.000000
0.000000
255
255
255
255
255
255
255
255
0.000000
0.000000
-1.000000
100.000000
60.000000
-240.000000
1.000000
1.000000
1.000000
1.000000
255
255
255
255
255
255
255
255
0.000000
0.000000
-1.000000
-400.000000
60.000000
-240.000000
0.000000
1.000000
0.000000
1.000000
255
255
255
255
255
255
255
255
0.000000
0.000000
1.000000
100.000000
0.000000
-160.000000
0.000000
0.000000
0.000000
0.000000
255
255
255
255
255
255
255
255
0.000000
0.000000
1.000000
-400.000000
0.000000
-160.000000
1.000000
0.000000
1.000000
0.000000
255
255
255
255
255
255
255
255
0.000000
0.000000
1.000000
-400.000000
60.000000
-160.000000
1.000000
1.000000
1.000000
1.000000
255
255
255
255
255
255
255
255
0.000000
0.000000
1.000000
100.000000
60.000000
-160.000000
0.000000
1.000000
0.000000
1.000000
255
255
255
255
255
255
255
255
-1.000000
0.000000
0.000000
-400.000000
0.000000
-160.000000
0.000000
0.000000
0.000000
0.000000
255
255
255
255
255
255
255
255
-1.000000
0.000000
0.000000
-400.000000
0.000000
-240.000000
1.000000
0.000000
1.000000
0.000000
255
255
255
255
255
255
255
255
-1.000000
0.000000
0.000000
-400.000000
60.000000
-240.000000
1.000000
1.000000
1.000000
1.000000
255
255
255
255
255
255
255
255
-1.000000
0.000000
0.000000
-400.000000
60.000000
-160.000000
0.000000
1.000000
0.000000
1.000000
255
255
255
255
255
255
255
255
1.000000
0.000000
0.000000
100.000000
0.000000
-240.000000
0.000000
0.000000
0.000000
0.000000
255
255
255
255
255
255
255
255
1.000000
0.000000
0.000000
100.000000
0.000000
-160.000000
1.000000
0.000000
1.000000
0.000000
255
255
255
255
255
255
255
255
1.000000
0.000000
0.000000
100.000000
60.000000
-160.000000
1.000000
1.000000
1.000000
1.000000
255
255
255
255
255
255
255
255
1.000000
0.000000
0.000000
100.000000
60.000000
-240.000000
0.000000
1.000000
0.000000
1.000000
255
255
255
255
255
255
255
255
0.000000
1.000000
0.000000
-400.000000
60.000000
-240.000000
0.000000
0.000000
0.000000
0.000000
255
255
255
255
255
255
255
255
0.000000
1.000000
0.000000
100.000000
60.000000
-240.000000
1.000000
0.000000
1.000000
0.000000
255
255
255
255
255
255
255
255
0.000000
1.000000
0.000000
100.000000
60.000000
-160.000000
1.000000
1.000000
1.000000
1.000000
255
255
255
255
255
255
255
255
0.000000
1.000000
0.000000
-400.000000
60.000000
-160.000000
0.000000
1.000000
0.000000
1.000000
255
255
255
255
255
255
255
255
0.000000
-1.000000
0.000000
-400.000000
0.000000
-160.000000
0.000000
0.000000
0.000000
0.000000
255
255
255
255
255
255
255
255
0.000000
-1.000000
0.000000
100.000000
0.000000
-160.000000
1.000000
0.000000
1.000000
0.000000
255
255
255
255
255
255
255
255
0.000000
-1.000000
0.000000
100.000000
0.000000
-240.000000
1.000000
1.000000
1.000000
1.000000
255
255
255
255
255
255
255
255
0.000000
-1.000000
0.000000
-400.000000
0.000000
-240.000000
0.000000
1.000000
0.000000
1.000000
255
255
255
255
255
255
255
255
0.000000
0.000000
-1.000000
-1000.000000
0.000000
460.000000
0.000000
0.000000
0.000000
0.000000
255
255
255
255
255
255
255
255
0.000000
0.000000
-1.000000
-500.000000
0.000000
460.000000
1.000000
0.000000
1.000000
0.000000
255
255
255
255
255
255
255
255
0.000000
0.000000
-1.000000
-500.000000
60.000000
460.000000
1.000000
1.000000
1.000000
1.000000
255
255
255
255
255
255
255
255
0.000000
0.000000
-1.000000
-1000.000000
60.000000
460.000000
0.000000
1.000000
0.000000
1.000000
255
255
255
255
255
255
255
255
0.000000
0.000000
1.000000
-500.000000
0.000000
540.000000
0.000000
0.000000
0.000000
0.000000
255
255
255
255
255
255
255
255
0.000000
0.000000
1.000000
-1000.000000
0.000000
540.000000
1.000000
0.000000
1.000000
0.000000
255
255
255
255
255
255
255
255
0.000000
0.000000
1.000000
-1000.000000
60.000000
540.000000
1.000000
1.000000
1.000000
1.000000
255
255
255
255
255
255
255
255
0.000000
0.000000
1.000000
-500.000000
60.000000
540.000000
0.000000
1.000000
0.000000
1.000000
255
255
255
255
255
255
255
255
-1.000000
0.000000
0.000000
-1000.000000
0.000000
540.000000
0.000000
0.000000
0.000000
0.000000
255
255
255
255
255
255
255
255
-1.000000
0.000000
0.000000
-1000.000000
0.000000
460.000000
1.000000
0.000000
1.000000
0.000000
255
255
255
255
255
255
255
255
-1.000000
0.000000
0.000000
-1000.000000
60.000000
460.000000
1.000000
1.000000
1.000000
1.000000
255
255
255
255
255
255
255
255
-1.000000
0.000000
0.000000
-1000.000000
60.000000
540.000000
0.000000
1.000000
0.000000
1.000000
255
255
255
255
255
255
255
255
1.000000
0.000000
0.000000
-500.000000
0.000000
460.000000
0.000000
0.000000
0.000000
0.000000
255
255
255
255
255
255
255
255
1.000000
0.000000
0.000000
-500.000000
0.000000
540.000000
1.000000
0.000000
1.000000
0.000000
255
255
255
255
255
255
255
255
1.000000
0.000000
0.000000
-500.000000
60.000000
540.000000
1.000000
1.000000
1.000000
1.000000
255
255
255
255
255
255
255
255
1.000000
0.000000
0.000000
-500.000000
60.000000
460.000000
0.000000
1.000000
0.000000
1.000000
255
255
255
255
255
255
255
255
0.000000
1.000000
0.000000
-1000.000000
60.000000
460.000000
0.000000
0.000000
0.000000
0.000000
255
255
255
255
255
255
255
255
0.000000
1.000000
0.000000
-500.000000
60.000000
460.000000
1.000000
0.000000
1.000000
0.000000
255
255
255
255
255
255
255
255
0.000000
1.000000
0.000000
-500.000000
60.000000
540.000000
1.000000
1.000000
1.000000
1.000000
255
255
255
255
255
255
255
255
0.000000
1.000000
0.000000
-1000.000000
60.000000
540.000000
0.000000
1.000000
0.000000
1.000000
255
255
255
255
255
255
255
255
0.000000
-1.000000
0.000000
-1000.000000
0.000000
540.000000
0.000000
0.000000
0.000000
0.000000
255
255
255
255
255
255
255
255
0.000000
-1.000000
0.000000
-500.000000
0.000000
540.000000
1.000000
0.000000
1.000000
0.000000
255
255
255
255
255
255
255
255
0.000000
-1.000000
0.000000
-500.000000
0.000000
460.000000
1.000000
1.000000
1.000000
1.000000
255
255
255
255
255
255
255
255
0.000000
-1.000000
0.000000
-1000.000000
0.000000
460.000000
0.000000
1.000000
0.000000
1.000000
255
255
255
255
255
255
255
255
0
1
2
0
2
3
4
5
6
4
6
7
8
9
10
8
10
11
12
13
14
12
14
15
16
17
18
16
18
19
20
21
22
20
22
23
0
1
2
0
2
3
4
5
6
4
6
7
8
9
10
8
10
11
12
13
14
12
14
15
16
17
18
16
18
19
20
21
22
20
22
23
0
1
2
0
2
3
4
5
6
4
6
7
8
9
10
8
10
11
12
13
14
12
14
15
16
17
18
16
18
19
20
21
22
20
22
23